   -0.7538    0.5460   -0.3656
    0.5460   -0.3656   -0.7538
    0.7538   -0.5460   -0.3656
   -0.3656   -0.7538    0.5460
   -0.5460   -0.3656    0.7538
   -0.3656    0.7538   -0.5460
   -0.5460    0.3656   -0.7538
    0.3656    0.7538    0.5460
    0.5460    0.3656    0.7538
    0.3656   -0.7538   -0.5460
   -0.7538   -0.5460    0.3656
    0.7538    0.5460    0.3656
    0.7002   -0.7132    0.0341
   -0.7132    0.0341    0.7002
   -0.7002    0.7132    0.0341
    0.0341    0.7002   -0.7132
    0.7132    0.0341   -0.7002
    0.0341   -0.7002    0.7132
    0.7132   -0.0341    0.7002
   -0.0341   -0.7002   -0.7132
   -0.7132   -0.0341   -0.7002
   -0.0341    0.7002    0.7132
    0.7002    0.7132   -0.0341
   -0.7002   -0.7132   -0.0341
    0.2762    0.0771   -0.9580
    0.0771   -0.9580    0.2762
   -0.2762   -0.0771   -0.9580
   -0.9580    0.2762    0.0771
   -0.0771   -0.9580   -0.2762
   -0.9580   -0.2762   -0.0771
   -0.0771    0.9580    0.2762
    0.9580   -0.2762    0.0771
    0.0771    0.9580   -0.2762
    0.9580    0.2762   -0.0771
    0.2762   -0.0771    0.9580
   -0.2762    0.0771    0.9580
    0.4518   -0.7834    0.4269
   -0.7834    0.4269    0.4518
   -0.4518    0.7834    0.4269
    0.4269    0.4518   -0.7834
    0.7834    0.4269   -0.4518
    0.4269   -0.4518    0.7834
    0.7834   -0.4269    0.4518
   -0.4269   -0.4518   -0.7834
   -0.7834   -0.4269   -0.4518
   -0.4269    0.4518    0.7834
    0.4518    0.7834   -0.4269
   -0.4518   -0.7834   -0.4269
   -0.3386   -0.9332    0.1203
   -0.9332    0.1203   -0.3386
    0.3386    0.9332    0.1203
    0.1203   -0.3386   -0.9332
    0.9332    0.1203    0.3386
    0.1203    0.3386    0.9332
    0.9332   -0.1203   -0.3386
   -0.1203    0.3386   -0.9332
   -0.9332   -0.1203    0.3386
   -0.1203   -0.3386    0.9332
   -0.3386    0.9332   -0.1203
    0.3386   -0.9332   -0.1203