14 10 2
0.005258131932
-0.027529478520
0.046185489083
-1.714127904667
2.187820520535
-6.163483463716
0.962206044825
-15.227038474281
22.773919369790
2448.343737278392
0.005258234455
-0.027529828450
0.046186643668
-1.714184938603
2.187910168760
-6.164854057860
0.964365744956
-15.229750717386
22.775653995773
2448.019672925456
0.005258542277
-0.027530879423
0.046190109884
-1.714355994558
2.188178988215
-6.168963062569
0.970840527793
-15.237881657932
22.780853692425
2447.048002727818
0.005259056155
-0.027532634966
0.046195895074
-1.714640934356
2.188626602757
-6.175802153823
0.981617455517
-15.251413957612
22.789505940510
2445.430292902941
0.005259777336
-0.027535100893
0.046204011308
-1.715039525221
2.189252383242
-6.185357486785
0.996675012040
-15.270318803803
22.801589947867
2443.169145987365
0.005260707534
-0.027538285206
0.046214475126
-1.715551436212
2.190055444399
-6.197609739342
1.015983174349
-15.294556040508
22.817076763569
2440.268189164456
0.005261848899
-0.027542197959
0.046227307206
-1.716176233394
2.191034640657
-6.212534172588
1.039503511517
-15.324074348107
22.835929434150
2436.732058111287
0.005263203983
-0.027546851089
0.046242531924
-1.716913373908
2.192188561163
-6.230100709202
1.067189312582
-15.358811477950
22.858103208266
2432.566376504445
0.005264775687
-0.027552258222
0.046260176856
-1.717762199309
2.193515524478
-6.250274029722
1.098985742932
-15.398694539745
22.883545787765
2427.777731407346
0.005266567218
-0.027558434437
0.046280272197
-1.718721928094
2.195013572848
-6.273013686172
1.134830028354
-15.443640340554
22.912197624191
2422.373644796253
0.005268582025
-0.027565396022
0.046302850137
-1.719791648161
2.196680467030
-6.298274234345
1.174651668020
-15.493555779421
22.943992264936
2416.362541500435
0.005270823741
-0.027573160199
0.046327944184
-1.720970309079
2.198513681531
-6.326005383819
1.218372674982
-15.548338294654
22.978856746315
2409.753713892888
0.005273296118
-0.027581744847
0.046355588463
-1.722256714792
2.200510401056
-6.356152166160
1.265907844248
-15.607876363589
23.016712033471
2402.557283690502
0.005276002957
-0.027591168200
0.046385816991
-1.723649516795
2.202667518211
-6.388655120841
1.317165047600
-15.672050054488
23.057473507168
2394.784161239740
0.005278948042
-0.027601448555
0.046418662956
-1.725147208396
2.204981633278
-6.423450499109
1.372045554812
-15.740731628792
23.101051495722
2386.446002702037
0.005282135069
-0.027612603974
0.046454157998
-1.726748120031
2.207449055972
-6.460470484804
1.430444379745
-15.813786191412
23.147351850129
2377.555165555830
0.005285567582
-0.027624651988
0.046492331521
-1.728450416199
2.210065809910
-6.499643432052
1.492250650560
-15.891072386116
23.196276559499
2368.124662858125
0.005289248900
-0.027637609317
0.046533210022
-1.730252093843
2.212827639520
-6.540894118012
1.557348001350
-15.972443129385
23.247724400414
2358.168116715306
0.005293182059
-0.027651491598
0.046576816486
-1.732150982878
2.215730020297
-6.584144011413
1.625614985598
-16.057746384929
23.301591622616
2347.699711382243
0.005297369749
-0.027666313134
0.046623169816
-1.734144748503
2.218768171815
-6.629311553465
1.696925506529
-16.146825963181
23.357772655286
2336.734146474652
0.005301814262
-0.027682086660
0.046672284334
-1.736230895747
2.221937074110
-6.676312451785
1.771149264808
-16.239522350122
23.416160838671
2325.286590677423
0.005306517437
-0.027698823138
0.046724169349
-1.738406775979
2.225231486911
-6.725059983660
1.848152218247
-16.335673547516
23.476649162917
2313.372636415669
0.005311480616
-0.027716531569
0.046778828793
-1.740669595632
2.228645972051
-6.775465308451
1.927797052866
-16.435115924904
23.539131014744
2301.008255850772
0.005316704608
-0.027735218835
0.046836260929
-1.743016426796
2.232174918474
-6.827437785906
2.009943660726
-16.537685069744
23.603500918336
2288.209758593367
0.005322189649
-0.027754889574
0.046896458150
-1.745444219802
2.235812569906
-6.880885298724
2.094449621862
-16.643216627481
23.669655262168
2274.993751478979
0.005327935384
-0.027775546073
0.046959406830
-1.747949817349
2.239553054516
-6.935714576689
2.181170686606
-16.751547122422
23.737493002810
2261.377100710559
0.005333940838
-0.027797188193
0.047025087266
-1.750529970089
2.243390416347
-6.991831519962
2.269961254737
-16.862514748448
23.806916334658
2247.376896650662
0.005340204405
-0.027819813323
0.047093473672
-1.753181353339
2.247318647967
-7.049141518837
2.360674847653
-16.975960119065
23.877831315086
2233.010421500075
0.005346723841
-0.027843416355
0.047164534251
-1.755900584693
2.251331723951
-7.107549767794
2.453164570523
-17.091726969004
23.950148437332
2218.295120044523
0.005353496255
-0.027867989681
0.047238231308
-1.758684241985
2.255423634335
-7.166961570422
2.547283559706
-17.209662793850
24.023783137532
2203.248573634081
0.005360518117
-0.027893523215
0.047314521414
-1.761528881378
2.259588417690
-7.227282633250
2.642885412734
-17.329619421177
24.098656229516
2187.888477483703
0.005367785260
-0.027920004429
0.047393355616
-1.764431055358
2.263820193378
-7.288419346248
2.739824597700
-17.451453504502
24.174694258653
2172.232621352637
0.005375292892
-0.027947418407
0.047474679665
-1.767387329798
2.268113191820
-7.350279046457
2.837956837492
-17.575026928649
24.251829763554
2156.298873618749
0.005383035610
-0.027975747909
0.047558434269
-1.770394300269
2.272461782924
-7.412770264172
2.937139467920
-17.700207125155
24.330001444358
2140.105168690002
0.005391007414
-0.028004973447
0.047644555356
-1.773448606848
2.276860501619
-7.475802948528
3.037231765678
-17.826867287645
24.409154227780
2123.669497680971
0.005399201729
-0.028035073361
0.047732974337
-1.776546947210
2.281304070104
-7.539288670978
3.138095244187
-17.954886483542
24.489239225492
2107.009902222802
0.005407611422
-0.028066023906
0.047823618360
-1.779686087854
2.285787416630
-7.603140805909
3.239593916323
-18.084149661861
24.570213585969
2090.144471222179
0.005416228824
-0.028097799332
0.047916410544
-1.782862872901
2.290305689973
-7.667274686197
3.341594521363
-18.214547552067
24.652040235196
2073.091340368858
0.005425045748
-0.028130371962
0.048011270192
-1.786074230507
2.294854269653
-7.731607733577
3.443966715971
-18.345976456064
24.734687508647
2055.868694139493
0.005434053516
-0.028163712271
0.048108112975
-1.789317176688
2.299428771621
-7.796059563254
3.546583228670
-18.478337935190
24.818128677047
2038.494770013617
0.005443242971
-0.028197788950
0.048206851072
-1.792588816290
2.304025049058
-7.860552062295
3.649319977405
-18.611538395064
24.902341369346
2020.987864593953
0.005452604500
-0.028232568964
0.048307393276
-1.795886341183
2.308639188403
-7.925009442205
3.752056150882
-18.745488573613
24.987306898873
2003.366341297027
0.005462128052
-0.028268017603
0.048409645049
-1.799207025661
2.313267500611
-7.989358266114
3.854674254398
-18.880102938397
25.073009499508
1985.648639263477
0.005471803147
-0.028304098514
0.048513508543
-1.802548219112
2.317906507788
-8.053527451585
3.957060121749
-19.015299002239
25.159435481676
1967.853283116921
0.005481618898
-0.028340773731
0.048618882562
-1.805907335966
2.322552925249
-8.117448249900
4.059102894617
-19.150996566034
25.246572317934
1949.998893193571
0.005491564014
-0.028378003686
0.048725662496
-1.809281843317
2.327203639593
-8.181054203698
4.160694971964
-19.287116899507
25.334407669657
1932.104195866137
0.005501626814
-0.028415747211
0.048833740196
-1.812669246087
2.331855682713
-8.244281084069
4.261731931338
-19.423581871591
25.422928367614
1914.188033573698
0.005511795232
-0.028453961529
0.048943003833
-1.816067070473
2.336506202786
-8.307066810008
4.362112425891
-19.560313044426
25.512119361160
1896.269374183918
0.005522056824
-0.028492602243
0.049053337703
-1.819472845499
2.341152432128
-8.369351351350
4.461738059014
-19.697230742342
25.601962648521
1878.367319322999
0.005532398772
-0.028531623303
0.049164622027
-1.822884083330
2.345791652864
-8.431076618303
4.560513240823
-19.834253112228
25.692436205482
1860.501111312618
0.005542807885
-0.028570976981
0.049276732716
-1.826298258625
2.350421160902
-8.492186339729
4.658345029494
-19.971295187872
25.783512925948
1842.690138389400
0.005553270603
-0.028610613837
0.049389541137
-1.829712787332
2.355038228839
-8.552625932792
4.755142961153
-20.108267973583
25.875159590660
1824.953937887925
0.005563773001
-0.028650482682
0.049502913873
-1.833125005348
2.359640068498
-8.612342366807
4.850818872233
-20.245077562435
25.967335880303
1807.312197096859
0.005574300784
-0.028690530548
0.049616712490
-1.836532147405
2.364223793652
-8.671284023524
4.945286717375
-20.381624301090
26.059993445718
1789.784751540005
0.005584839297
-0.028730702656
0.049730793319
-1.839931326734
2.368786383812
-8.729400557011
5.038462387205
-20.517802017184
26.153075052014
1772.391580444159
0.005595373526
-0.028770942395
0.049845007261
-1.843319515657
2.373324649361
-8.786642755080
5.130263528793
-20.653497320718
26.246513808760
1755.152799203119
0.005605888101
-0.028811191310
0.049959199636
-1.846693527982
2.377835199303
-8.842962405604
5.220609373053
-20.788588992408
26.340232499642
1738.088648683096
0.005616367308
-0.028851389098
0.050073210064
-1.850050002966
2.382314411427
-8.898312168976
5.309420571194
-20.922947468956
26.434143022256
1721.219481241310
0.005626795098
-0.028891473626
0.050186872401
-1.853385391786
2.386758406206
-8.952645460045
5.396619044396
-21.056434437026
26.528145950098
1704.565743372058
0.005637155095
-0.028931380957
0.050300014733
-1.856695946345
2.391163024299
-9.005916340466
5.482127848246
-21.188902541880
26.622130223046
1688.147954939541
0.005647430622
-0.028971045403
0.050412459434
-1.859977711117
2.395523808652
-9.058079424170
5.565871055341
-21.320195219906
26.715972975689
1671.986684982556
0.005657604712
-0.029010399593
0.050524023300
-1.863226518000
2.399835991231
-9.109089796905
5.647773657511
-21.450146659247
26.809539507806
1656.102524122998
0.005667660142
-0.029049374563
0.050634517749
-1.866437984400
2.404094484738
-9.158902951272
5.727761489504
-21.578581892689
26.902683401086
1640.516053642777
0.005677579454
-0.029087899876
0.050743749112
-1.869607514918
2.408293879839
-9.207474738684
5.805761175916
-21.705317025560
26.995246784552
1625.247811332988
0.005687344992
-0.029125903757
0.050851518989
-1.872730306380
2.412428447607
-9.254761338413
5.881700101775
-21.830159598635
27.087060748502
1610.318254249560
0.005696938941
-0.029163313258
0.050957624709
-1.875801356656
2.416492147768
-9.300719244745
5.955506407822
-21.952909084345
27.177945904598
1595.747718555528
0.005706343370
-0.029200054449
0.051061859854
-1.878815476884
2.420478642295
-9.345305272108
6.027109010537
-22.073357514801
27.267713090269
1581.556376639998
0.005715540276
-0.029236052625
0.051164014875
-1.881767307378
2.424381314662
-9.388476578474
6.096437647016
-22.191290236368
27.356164211277
1567.764191755532
0.005724511641
-0.029271232550
0.051263877785
-1.884651336933
2.428193294427
-9.430190706427
6.163422943943
-22.306486784335
27.443093215251
1554.390870433505
0.005733239484
-0.029305518707
0.051361234922
-1.887461925255
2.431907486719
-9.470405641237
6.227996509771
-22.418721870963
27.528287188652
1541.455812955041
0.005741705922
-0.029338835585
0.051455871789
-1.890193328718
2.435516606870
-9.509079885593
6.290091049308
-22.527766476912
27.611527565905
1528.978062198584
0.005749893236
-0.029371107970
0.051547573955
-1.892839728758
2.439013219277
-9.546172549503
6.349640498938
-22.633389037390
27.692591441245
1516.976251173548
0.005757783937
-0.029402261270
0.051636128013
-1.895395262911
2.442389780387
-9.581643454189
6.406580180593
-22.735356709192
27.771252968010
1505.468549602315
0.005765360830
-0.029432221832
0.051721322579
-1.897854057912
2.445638685052
-9.615453248471
6.460846972572
-22.833436708432
27.847284834163
1494.472609890892
0.005772607096
-0.029460917295
0.051802949350
-1.900210264966
2.448752316257
-9.647563536450
6.512379495218
-22.927397703808
27.920459797289
1484.005512873908
0.005779506358
-0.029488276933
0.051880804173
-1.902458096193
2.451723096902
-9.677937013967
6.561118308370
-23.017011252416
27.990552265078
1474.083713691913
0.005786042755
-0.029514232011
0.051954688139
-1.904591862260
2.454543543538
-9.706537612437
6.607006118355
-23.102053262461
28.057339904037
1464.722988193736
0.005792201019
-0.029538716147
0.052024408692
-1.906606010753
2.457206321399
-9.733330648178
6.649987991965
-23.182305468740
28.120605260951
1455.938380237961
0.005797966550
-0.029561665661
0.052089780729
-1.908495164626
2.459704299764
-9.758282974607
6.690011573879
-23.257556903843
28.180137378711
1447.744150276771
0.005803325485
-0.029583019930
0.052150627687
-1.910254160481
2.462030607262
-9.781363135828
6.727027305448
-23.327605351930
28.235733391964
1440.153725586116
0.005808264771
-0.029602721733
0.052206782616
-1.911878086303
2.464178686503
-9.802541519254
6.760988641473
-23.392258767341
28.287200083351
1433.179652519367
0.005812772234
-0.029620717574
0.052258089191
-1.913362317760
2.466142346814
-9.821790504740
6.791852261842
-23.451336644497
28.334355385757
1426.833551121164
0.005816836642
-0.029636958007
0.052304402711
-1.914702553409
2.467915815430
-9.839084609332
6.819578276285
-23.504671324553
28.377029814382
1421.126072450338
0.005820447769
-0.029651397926
0.052345591013
-1.915894847660
2.469493785522
-9.854400624394
6.844130418275
-23.552109223833
28.415067812779
1416.066858923135
0.005823596449
-0.029663996839
0.052381535327
-1.916935641435
2.470871460965
-9.867717743894
6.865476226176
-23.593511971605
28.448328999126
1411.664507976591
0.005826274629
-0.029674719124
0.052412131059
-1.917821790272
2.472044597382
-9.879017682206
6.883587209329
-23.628757444842
28.476689299295
1407.926539328371
0.005828475414
-0.029683534247
0.052437288486
-1.918550589317
2.473009538696
-9.888284779560
6.898438996638
-23.657740689048
28.500041954951
1404.859366075580
0.005830193108
-0.029690416954
0.052456933353
-1.919119794986
2.473763248847
-9.895506093727
6.910011465682
-23.680374714556
28.518298395173
1402.468269858183
0.005831423244
-0.029695347435
0.052471007377
-1.919527643078
2.474303338319
-9.900671476836
6.918288850803
-23.696591160310
28.531388962877
1400.757380272481
0.005832162615
-0.029698311446
0.052479468638
-1.919772863049
2.474628085073
-9.903773636197
6.923259828679
-23.706340817865
28.539263488214
1399.729658692640
0.005832409287
-0.029699300405
0.052482291873
-1.919854688438
2.474736449815
-9.904808178469
6.924917580371
-23.709594009754
28.541891702519
1399.386886626420
1.850435993821
-14.636298431544
1.854422206370
-14.632422235303
1.866369796820
-14.620799356529
1.886245677970
-14.601446884351
1.913994883935
-14.574393165109
1.949540839053
-14.539677601522
1.992785731434
-14.497350375791
2.043610990231
-14.447472101377
2.101877863371
-14.390113408826
2.167428092305
-14.325354472162
2.240084680477
-14.253284483531
2.319652750628
-14.174001084266
2.405920485775
-14.087609761322
2.498660148538
-13.994223218595
2.597629172306
-13.893960732933
2.702571317733
-13.786947504819
2.813217887066
-13.673314013784
2.929288988217
-13.553195388240
3.050494841507
-13.426730799730
3.176537118658
-13.294062890116
3.307110307140
-13.155337240840
3.441903088657
-13.010701891418
3.580599723881
-12.860306914564
3.722881433154
-12.704304053600
3.868427763615
-12.542846427098
4.016917933571
-12.376088304560
4.168032144506
-12.204184955674
4.321452851583
-12.027292574485
4.476865984374
-11.845568278791
4.633962108857
-11.659170183500
4.792437523489
-11.468257545887
4.951995282132
-11.272990979384
5.112346137047
-11.073532731293
5.273209397124
-10.870047019306
5.434313696009
-10.662700420275
5.595397666373
-10.451662304187
5.756210517951
-10.237105305718
5.916512516969
-10.019205824839
6.076075366306
-9.798144547858
6.234682486652
-9.574106979846
6.392129199772
-9.347283979247
6.548222816035
-9.117872285458
6.702782629212
-8.886075030233
6.855639822680
-8.652102224067
7.006637291837
-8.416171208953
7.155629388105
-8.178507069376
7.302481590995
-7.939342993940
7.447070114950
-7.698920580690
7.589281458137
-7.457490079715
7.729011901167
-7.215310567559
7.866166963293
-6.972650048590
8.000660824407
-6.729785479353
8.132415721130
-6.487002712851
8.261361324673
-6.244596360333
8.387434108843
-6.002869569268
8.510576715745
-5.762133716811
8.630737326441
-5.522708019012
8.747869043669
-5.284919056692
8.861929293204
-5.049100219819
8.972879249488
-4.815591072715
9.080683291112
-4.584736643288
9.185308490712
-4.356886639981
9.286724143331
-4.132394600733
9.384901336532
-3.911616978792
9.479812564956
-3.694912170656
9.571431390875
-3.482639491765
9.659732152406
-3.275158106112
9.744689719523
-3.072825916063
9.826279297690
-2.875998419008
9.904476278563
-2.685027537707
9.979256135863
-2.500260431286
10.050594365058
-2.322038294067
10.118466463692
-2.150695149307
10.182847950054
-1.986556645166
10.243714416187
-1.829938860002
10.301041612203
-1.681147124199
10.354805557432
-1.540474865514
10.404982674523
-1.408202484876
10.451549941890
-1.284596269274
10.494485060492
-1.169907348348
10.533766629925
-1.064370700791
10.569374330023
-0.968204216591
10.601289103184
-0.881607820724
10.629493333518
-0.804762663505
10.653971018811
-0.737830382501
10.674707931536
-0.680952440424
10.691691765734
-0.634249543010
10.704912266548
-0.597821140361
10.714361339931
-0.571745014778
10.720033140323
-0.556076957584
10.721924134491
-0.550850536874
12.067305632067
1.123649113193
12.062365525138
1.134587161069
12.047558672044
1.167368742748
12.022925395837
1.221896372299
11.988532635832
1.298008234722
11.944473551388
1.395479173879
11.890866972499
1.514022062096
11.827856702052
1.653289541997
11.755610676281
1.812876124600
11.674319991160
1.992320625325
11.584197803527
2.191108918349
11.485478117028
2.408676984898
11.378414463912
2.644414229294
11.263278494440
2.897667035136
11.140358486643
3.167742530725
11.009957789527
3.453912532292
10.872393213495
3.755417631115
10.727993381991
4.071471389452
10.577097058313
4.401264612285
10.420051462098
4.743969655477
10.257210589062
5.098744738852
10.088933548109
5.464738224583
9.915582928799
5.841092829255
9.737523211978
6.226949734271
9.555119235591
6.621452562236
9.368734726739
7.023751189270
9.178730910284
7.433005363999
8.985465203181
7.848388106757
8.789290002532
8.269088866172
8.590551574362
8.694316410829
8.389589048677
9.123301439202
8.186733525227
9.555298892935
7.982307293086
9.989589961298
7.776623165761
10.425483770466
7.569983932422
10.862318751917
7.362681924513
11.299463689100
7.154998695749
11.736318445822
6.947204812439
12.172314381122
6.739559750017
12.606914460020
6.532311890567
13.039613072465
6.325698615321
13.469935575272
6.119946485281
13.897437574629
5.915271502480
14.321703968863
5.711879443775
14.742347773711
5.509966258603
15.159008753781
5.309718521932
15.571351884866
5.111313933236
15.979065673755
4.914921852412
16.381860362198
4.720703863497
16.779466042018
4.528814357107
17.171630709320
4.339401122956
17.558118283923
4.152605943928
17.938706620904
3.968565183666
18.313185540008
3.787410360216
18.681354896325
3.609268698668
19.043022716009
3.434263656430
19.398003417924
3.262515415490
19.746116140316
3.094141336543
20.087183190287
2.929256370700
20.421028631426
2.767973425225
20.747477022059
2.610403680429
21.066352315307
2.456656855598
21.377476929062
2.306841422564
21.680670991982
2.161064766244
21.975751769047
2.019433292082
22.262533268275
1.882052481128
22.540826026916
1.749026893872
22.810437075124
1.620460124745
23.071170071186
1.496454709626
23.322825601274
1.377111989090
23.565201635442
1.262531930852
23.798094128226
1.152812914815
24.021297753273
1.048051484938
24.234606757113
0.948342071958
24.437815919058
0.853776691704
24.630721600316
0.764444623389
24.813122867586
0.680432072860
24.984822673319
0.601821825555
25.145629076050
0.528692894061
25.295356483085
0.461120165028
25.433826898989
0.399174050296
25.560871161691
0.342920146662
25.676330150768
0.292418908885
25.780055950825
0.247725339979
25.871912955194
0.208888702785
25.951778895374
0.175952256479
26.019545782655
0.148953021221
26.075120750235
0.127921573923
26.118426784569
0.112881877629
26.149403336910
0.103851146592
26.168006807243
0.100839748726
26.174210894280
360.162312071843
532.984272015290
840.865973999064
1729.324228051426
1921.721311241820
3286.001056741023
3840.762188561865
7053.989236470559
7708.524609891700
1144596.212322159205
14035.086477879320
20253.197125381237
-13879.637313717581
-21144.907932591705
0.000000000000
0.000000000000
0.000000000000
0.000000000000
0.000000000000
0.000000000000
0.000000000000
0.000000000000
0.000000000000
0.000000000000
0.000000000000
0.000000000000
0.000000000000
0.000000000000
0.000000000000
0.000000000000
0.000000000000
0.000000000000
0.000000000000
0.000000000000
0.000000000000
0.000000000000
0.000000000000
0.000000000000
0.000000000000
0.000000000000
0.000000000000
0.000000000000
0.000000000000
0.000000000000
0.000000000000
0.000000000000
0.000000000000
0.000000000000
0.000000000000
0.000000000000
0.000000000000
0.000000000000
0.000000000000
0.000000000000
0.000000000000
0.000000000000
0.000000000000
0.000000000000
0.000000000000
0.000000000000
0.000000000000
0.000000000000
0.000000000000
0.000000000000
0.000000000000
0.000000000000
0.000000000000
0.000000000000
0.000000000000
0.000000000000
0.000000000000
0.000000000000
0.000000000000
0.000000000000
0.000000000000
0.000000000000
0.000000000000
0.000000000000
0.000000000000
0.000000000000
0.000000000000
0.000000000000
0.000000000000
0.000000000000
0.000000000000
0.000000000000
0.000000000000
0.000000000000
0.000000000000
0.000000000000
0.000000000000
0.000000000000
0.000000000000
0.000000000000
0.000000000000
0.000000000000
0.000000000000
0.000000000000
0.000000000000
0.000000000000
0.000000000000
0.000000000000
0.000000000000
0.000000000000
0.000000000000
-----
sigma = 47700
dmat = 0.050000000000
d0 = 0.000000000000
freqRange = [50,2000]
