14 10 2
0.037628829927
-0.075844970252
0.106489238830
-0.703406675840
0.633231993713
-0.047765894444
-1.016264345142
-4.962240174220
-7.931544527776
15.138075038569
-20.768507243136
4.259210000398
-32.144441005658
1.585517369050
306.179222176247
379.480840292230
645.964735807902
1097.417775784010
1195.441184978039
2117.799187013077
2735.569714009067
3842.377212937163
6482.006598253619
7094.514904188964
19523.248627343426
12152.530916064808
-3745.107750216643
-17416.897171651282
0.002138957511
-----
sigma = 47700
dmat = 0.050000000000
freqRange = [50,2000]
